Elkhorn (cfs)
10000
3700
4160
4740
7780
8680
3670
30000
5740
5750
19600
6620
12600
2120
10900
7020
8040
3300
16000
2920
7450
7500
22900
7080
6500
8570
100000
13600
5720
14100
14300
21000
16700
27500
14200
14300
15400
6440
6960
13000
20300
13400
46900
9480
50200
7350
18800
19200
30100
39600
6540
18500
3310
41700
9160
8900
19200
10800
6050
9200
38900
14800
12200
5100
19800
18700
43100
18500
20500
23500
6210
9950
37000
24300
19100
33500
15800
23400
35100
20200
26300
27300
11900
15400
14000
16200
21600
13600
5470
18300
