1.43	99.90	323.33	0.00	0.00
1.41	99.95	322.26	0.00	0.00
1.26	100.00	322.37	0.00	0.00
1.43	100.00	322.39	0.00	0.00
1.29	100.00	322.37	0.00	0.00
1.20	100.00	321.89	0.00	0.00
1.25	100.00	321.60	0.00	0.00
1.29	99.95	321.18	0.00	0.00
1.07	99.95	319.42	0.00	0.00
1.11	99.95	321.00	0.00	0.00
0.99	100.00	319.83	0.00	0.00
0.95	99.95	318.62	0.00	0.00
0.94	100.00	317.35	0.00	0.00
0.81	99.95	292.81	0.00	0.00
0.48	100.00	278.76	0.00	0.00
0.24	99.95	257.67	6.13	47.32
0.79	99.30	286.33	52.48	169.62
1.80	96.60	283.60	78.28	286.09
2.24	94.57	261.48	102.92	375.80
3.17	90.97	259.02	170.06	441.85
3.59	88.34	295.14	220.65	489.42
4.16	84.07	268.63	257.64	522.50
5.93	77.68	247.95	332.95	543.69
7.81	72.12	249.30	425.56	554.60
9.56	64.25	248.75	469.89	556.01
6.67	77.71	252.18	463.56	548.01
6.84	76.39	259.30	486.70	530.04
6.85	76.67	256.85	402.47	500.77
7.77	73.94	258.74	353.46	457.93
7.57	76.22	257.38	277.64	397.98
6.58	81.35	253.09	185.93	316.01
4.80	85.30	251.00	103.97	207.41
3.80	89.07	249.01	43.01	80.93
2.70	95.39	245.30	14.40	0.00
1.98	97.46	243.92	0.00	0.00
1.27	98.56	243.37	0.00	0.00
0.85	99.44	243.65	0.00	0.00
0.57	99.90	241.76	0.00	0.00
0.34	100.00	242.04	0.00	0.00
0.26	100.00	243.54	0.00	0.00
0.12	100.00	241.70	0.00	0.00
-0.15	100.00	244.09	0.00	0.00
-0.37	100.00	240.64	0.00	0.00
-0.31	100.00	238.32	0.00	0.00
-0.77	100.00	236.97	0.00	0.00
-0.59	100.00	235.59	0.00	0.00
-0.97	100.00	233.23	0.00	0.00
-0.83	100.00	232.56	0.00	0.00
-1.23	100.00	230.62	0.00	0.00
-0.85	100.00	230.29	0.00	0.00
-1.17	100.00	229.59	0.00	0.00
-1.33	100.00	229.37	0.00	0.00
-1.42	100.00	229.04	0.00	0.00
-1.71	100.00	230.06	0.00	0.00
-1.88	100.00	228.93	0.00	0.00
-2.28	100.00	232.56	0.00	0.00
-2.12	100.00	227.54	0.00	0.00
-2.36	100.00	226.47	0.00	0.00
-2.40	100.00	242.86	0.00	0.00
-2.17	100.00	279.19	0.00	0.00
-2.29	100.00	257.85	0.00	0.00
-2.74	100.00	225.11	0.00	0.00
-2.53	100.00	231.73	0.00	0.00
-2.57	100.00	268.80	0.00	52.18
-2.54	100.00	256.70	17.76	176.37
-1.68	98.96	253.10	66.30	292.26
-1.39	98.01	224.67	36.51	381.15
1.66	89.78	228.61	100	446.53
4.62	77.11	228.61	200	493.64
6.00	69.74	232.55	412.30	526.40
6.63	63.19	234.22	445.00	547.41
6.34	64.52	236.42	470.76	558.25
6.21	64.16	237.83	480.19	559.67
6.60	62.14	240.34	475.41	551.80
7.49	58.71	242.86	456.19	534.06
7.52	58.17	245.27	413.99	505.16
7.65	56.73	246.51	364.49	462.86
7.60	57.44	246.75	323.00	403.66
7.13	57.05	245.43	241.55	322.68
6.53	59.61	244.23	169.80	215.07
3.67	76.17	239.18	22.97	87.92
1.97	87.24	236.13	5.85	6.55
0.88	93.06	233.65	0.00	0.00
0.10	95.35	231.82	0.00	0.00
-0.60	97.61	230.76	0.00	0.00
-0.85	98.84	230.67	0.00	0.00
-1.34	99.04	229.52	0.00	0.00
-1.55	99.88	229.12	0.00	0.00
-1.47	100.00	229.19	0.00	0.00
-1.80	100.00	227.31	0.00	0.00
-1.89	100.00	226.68	0.00	0.00
-2.15	100.00	226.71	0.00	0.00
-2.06	100.00	226.51	0.00	0.00
-1.96	100.00	227.07	0.00	0.00
-2.24	100.00	226.95	0.00	0.00
-2.09	100.00	227.91	0.00	0.00
-2.03	100.00	229.60	0.00	0.00
-2.02	100.00	233.70	0.00	0.00
-2.07	100.00	232.24	0.00	0.00
-1.77	100.00	237.49	0.00	0.00
-1.69	100.00	239.53	0.00	0.00
-1.75	100.00	244.79	0.00	0.00
-1.85	100.00	240.23	0.00	0.00
-1.49	100.00	240.77	0.00	0.00
-1.61	100.00	234.76	0.00	0.00
-1.74	100.00	248.58	0.00	0.00
-0.98	100.00	301.36	0.00	0.00
-0.64	100.00	310.32	0.00	0.00
-0.45	100.00	312.38	0.00	0.00
-0.20	100.00	312.91	0.00	0.00
-0.31	99.83	313.12	0.00	0.00
-0.26	99.89	312.61	0.00	57.38
0.05	99.89	313.92	6.49	183.28
0.46	99.26	314.78	28.55	298.50
0.97	97.97	314.46	53.43	386.54
1.76	96.01	315.76	78.08	451.25
1.97	95.51	316.80	78.78	497.87
2.15	95.43	317.80	97.55	530.32
2.67	93.80	317.24	118.45	551.14
2.88	89.83	314.46	147.19	561.89
2.57	87.05	314.47	150.81	563.34
2.71	85.68	315.33	180.84	555.58
3.23	84.81	314.59	138.44	538.07
3.49	85.18	306.14	244.26	509.53
2.97	86.79	313.87	194.61	467.76
2.33	91.16	315.87	163.39	409.31
2.60	91.69	316.11	121.63	329.32
1.92	94.64	317.34	61.02	222.73
1.82	96.65	317.18	30.11	95.11
1.44	97.65	317.51	6.58	8.08
1.21	98.15	317.10	0.00	0.00
1.12	98.34	318.17	0.00	0.00
0.95	98.37	317.92	0.00	0.00
0.85	98.46	319.12	0.00	0.00
0.73	98.30	318.81	0.00	0.00
0.36	98.73	315.07	0.00	0.00
0.30	98.77	314.54	0.00	0.00
0.11	98.92	315.27	0.00	0.00
0.09	99.08	314.67	0.00	0.00
0.08	99.30	313.91	0.00	0.00
0.05	99.51	314.16	0.00	0.00
0.19	99.57	314.01	0.00	0.00
0.07	99.51	313.97	0.00	0.00
0.08	99.62	315.01	0.00	0.00
0.21	99.52	313.94	0.00	0.00
0.01	99.62	313.56	0.00	0.00
0.09	99.73	315.31	0.00	0.00
0.09	99.62	315.75	0.00	0.00
0.12	99.68	314.93	0.00	0.00
0.10	99.62	314.37	0.00	0.00
0.09	99.46	314.37	0.00	0.00
0.18	99.57	314.48	0.00	0.00
0.19	99.62	314.52	0.00	0.00
0.26	99.63	313.24	0.00	0.00
0.14	99.57	310.25	0.00	0.00
0.06	99.73	305.47	0.00	0.00
0.19	99.68	305.29	0.00	0.00
0.08	99.62	302.88	0.00	0.00
0.03	99.78	299.49	0.00	0.00
0.04	99.67	294.99	1.23	62.93
0.46	98.43	302.83	66.83	190.33
1.55	93.28	299.45	128.28	304.82
2.99	88.05	295.27	151.93	391.97
4.34	80.49	283.51	214.67	455.99
3.27	85.30	300.63	172.45	502.13
4.50	80.36	295.86	211.62	534.25
4.86	76.20	282.40	248.67	554.87
5.18	75.38	287.49	279.13	565.54
5.88	72.42	284.44	293.93	566.99
5.85	73.00	283.15	283.28	559.35
6.25	74.42	272.59	319.39	542.06
6.37	75.01	290.93	272.28	513.88
6.09	77.41	271.63	249.83	472.63
6.39	74.64	265.64	276.18	414.93
5.82	77.20	271.32	168.35	335.92
5.03	83.39	272.70	110.29	230.38
4.01	87.57	270.47	63.64	102.47
3.10	94.04	274.22	22.99	9.93
2.17	95.96	282.57	0.00	0.00
1.72	98.07	290.18	0.00	0.00
1.57	98.54	308.11	0.00	0.00
1.65	99.08	312.60	0.00	0.00
1.69	98.89	315.31	0.00	0.00
1.66	98.94	319.49	0.00	0.00
1.52	99.17	319.45	0.00	0.00
1.59	99.37	319.99	0.00	0.00
1.55	99.27	309.08	0.00	0.00
1.38	99.31	317.73	0.00	0.00
1.50	99.36	314.27	0.00	0.00
1.24	99.35	312.02	0.00	0.00
1.13	99.50	306.55	0.00	0.00
1.08	99.65	297.68	0.00	0.00
0.86	99.59	287.85	0.00	0.00
0.56	99.79	253.26	0.00	0.00
0.15	99.95	250.74	0.00	0.00
-0.17	100.00	262.56	0.00	0.00
-0.11	100.00	284.50	0.00	0.00
0.04	100.00	300.68	0.00	0.00
0.30	100.00	300.79	0.00	0.00
0.49	100.00	298.59	0.00	0.00
0.43	100.00	303.35	0.00	0.00
0.46	100.00	306.81	0.00	0.00
0.61	100.00	317.64	0.00	0.00
0.68	100.00	317.56	0.00	0.00
0.52	100.00	316.68	0.00	0.00
0.17	99.89	315.74	0.00	0.00
0.17	100.00	315.47	0.00	0.00
0.23	99.89	315.47	0.00	68.81
0.19	99.79	316.20	0.89	197.50
0.33	99.68	317.28	20.96	311.19
0.66	99.28	315.83	51.63	397.43
1.05	97.78	317.27	53.66	460.75
0.91	97.70	318.36	58.60	506.40
1.27	96.97	318.29	90.13	538.18
2.38	92.83	319.66	175.13	558.61
2.56	93.10	315.48	157.51	569.18
2.49	92.30	319.81	122.97	570.65
3.37	88.94	315.50	322.80	563.11
4.03	82.23	314.36	263.99	546.04
3.03	87.83	317.99	134.65	518.21
2.37	90.84	318.90	91.41	477.48
2.20	89.29	311.62	111.67	420.50
2.46	92.27	315.32	85.63	342.47
1.92	91.42	317.26	39.46	238.00
1.47	95.74	316.94	14.45	109.99
0.99	97.16	317.57	1.26	12.15
1.41	93.56	316.44	0.00	0.00
1.13	95.60	316.31	0.00	0.00
0.83	97.02	316.14	0.00	0.00
0.28	98.46	314.79	0.00	0.00
0.06	99.46	314.54	0.00	0.00
0.09	99.68	315.15	0.00	0.00
0.47	96.48	315.69	0.00	0.00
0.21	97.21	314.52	0.00	0.00
-0.03	99.51	313.54	0.00	0.00
-0.15	99.61	313.19	0.00	0.00
-0.14	99.67	313.63	0.00	0.00
-0.16	99.89	313.66	0.00	0.00
-0.18	99.84	315.60	0.00	0.00
-0.10	99.67	314.60	0.00	0.00
-0.07	99.73	313.38	0.00	0.00
-0.29	99.83	313.51	0.00	0.00
-0.27	100.00	314.64	0.00	0.00
-0.18	99.89	314.23	0.00	0.00
-0.28	99.94	314.96	0.00	0.00
-0.25	99.83	314.99	0.00	0.00
-0.17	99.95	314.30	0.00	0.00
-0.10	99.89	314.71	0.00	0.00
-0.07	99.84	314.90	0.00	0.00
-0.28	99.89	314.24	0.00	0.00
-0.27	99.78	314.37	0.00	0.00
-0.43	99.94	313.50	0.00	0.00
-0.43	99.94	310.65	0.00	0.00
-0.44	99.83	307.64	0.00	0.00
-0.60	99.89	308.10	0.00	0.00
-0.40	99.66	306.71	0.00	75.01
-0.01	98.60	306.71	0.00	204.80
0.22	96.94	305.32	64.39	317.62
0.67	95.07	306.67	100.59	402.93
2.16	89.65	293.01	165.90	465.53
2.07	87.86	291.12	203.06	510.67
3.65	80.99	278.16	302.47	542.12
3.97	81.43	295.55	270.98	562.34
3.21	85.27	305.24	158.17	572.82
2.74	88.67	306.18	149.97	574.29
3.23	86.33	304.62	166.11	566.85
3.02	87.06	304.02	180.55	550.00
3.82	83.49	299.87	285.51	522.51
4.27	78.94	292.62	287.19	482.28
3.21	85.80	295.04	165.92	426.03
2.74	90.66	307.72	92.80	348.97
2.29	92.38	305.85	67.17	245.60
1.36	94.43	309.52	26.75	117.64
0.98	95.79	312.76	4.26	14.75
0.62	97.09	316.23	0.00	0.00
0.22	98.12	316.04	0.00	0.00
0.21	98.71	316.38	0.00	0.00
0.01	99.13	316.71	0.00	0.00
0.11	99.40	316.92	0.00	0.00
0.14	99.46	310.57	0.00	0.00
0.24	99.20	299.95	0.00	0.00
0.19	98.98	294.16	0.00	0.00
0.14	98.92	303.03	0.00	0.00
0.22	98.98	307.08	0.00	0.00
0.19	98.87	302.32	0.00	0.00
0.22	98.82	290.55	0.00	0.00
0.16	97.47	290.94	0.00	0.00
0.29	97.71	301.41	0.00	0.00
0.17	98.12	303.91	0.00	0.00
0.26	97.38	303.60	0.00	0.00
0.44	96.47	304.73	0.00	0.00
0.35	97.24	308.49	0.00	0.00
0.16	97.95	312.86	0.00	0.00
0.07	98.65	314.59	0.00	0.00
0.05	98.91	312.93	0.00	0.00
-0.04	94.98	306.34	0.00	0.00
-0.12	95.01	303.33	0.00	0.00
-0.07	91.95	301.87	0.00	0.00
-0.35	98.32	299.43	0.00	0.00
-0.59	98.92	295.40	0.00	0.00
-0.70	98.91	292.84	0.00	0.00
-0.87	98.78	284.19	0.00	0.00
-1.18	99.29	270.99	0.00	0.00
-1.29	98.87	262.31	21.59	81.54
-0.80	96.42	283.06	46.81	212.20
-0.35	94.35	276.58	82.25	324.09
0.36	90.61	275.78	121.19	408.45
-0.01	90.85	295.08	114.99	470.33
-0.14	90.76	301.16	130.28	514.96
0.01	90.48	305.34	115.34	546.06
1.35	85.21	295.54	265.93	566.07
2.39	80.83	284.39	357.50	576.45
2.32	80.96	286.99	360.16	577.91
1.94	77.99	270.72	309.46	570.58
2.11	76.23	284.10	365.34	553.93
2.77	72.85	276.61	315.99	526.78
2.32	72.50	285.69	262.24	487.05
1.28	85.10	285.10	123.40	431.51
0.34	87.13	296.99	81.06	355.42
1.08	82.69	260.70	129.61	253.16
0.23	90.02	266.04	44.43	125.41
-0.20	94.25	271.78	20.20	17.75
-0.79	96.26	259.25	0.36	0.00
-1.41	97.70	260.63	0.00	0.00
-1.56	98.17	261.25	0.00	0.00
-2.19	98.92	220.43	0.00	0.00
-2.84	99.93	221.58	0.00	0.00
-3.08	100.00	214.58	0.00	0.00
-3.34	100.00	212.21	0.00	0.00
-3.73	100.00	211.04	0.00	0.00
-4.23	100.00	210.39	0.00	0.00
-4.36	100.00	214.01	0.00	0.00
-4.28	100.00	222.56	0.00	0.00
-4.09	99.93	242.53	0.00	0.00
-4.11	99.78	246.45	0.00	0.00
-4.06	99.93	241.95	0.00	0.00
-4.12	99.70	242.41	0.00	0.00
-4.05	99.63	255.03	0.00	0.00
-3.97	99.56	234.66	0.00	0.00
-4.29	99.70	221.59	0.00	0.00
-4.34	99.92	215.42	0.00	0.00
-4.11	100.00	221.58	0.00	0.00
-4.80	100.00	211.01	0.00	0.00
-4.89	100.00	207.09	0.00	0.00
-5.07	99.92	208.50	0.00	0.00
-5.17	99.92	220.21	0.00	0.00
-4.83	99.46	262.48	0.00	0.00
-4.89	98.20	254.73	0.00	0.00
-5.22	98.47	243.07	0.00	0.00
-5.11	98.41	256.62	0.00	0.00
-4.73	98.92	258.92	0.00	0.00
-4.57	98.09	240.20	17.81	88.39
-4.61	97.39	209.30	23.41	219.70
-3.51	94.06	207.60	36.15	330.60
-2.97	92.42	212.99	67.32	413.98
1.03	82.58	225.38	343.01	475.13
3.37	72.46	223.56	200	519.24
-0.10	87.71	221.73	184.12	550.00
1.01	79.16	232.21	395.43	569.79
1.91	76.00	250.31	443.68	580.06
0.93	77.14	277.69	305.91	581.53
0.84	78.09	275.90	310.47	574.28
2.29	68.71	258.40	524.20	557.84
1.66	72.90	268.71	370.01	531.01
0.44	77.41	274.09	181.96	491.78
0.31	76.00	259.63	153.62	436.94
0.14	79.72	248.32	133.90	361.80
0.07	81.13	253.36	94.73	260.68
-0.38	88.36	268.40	55.61	133.27
-0.73	90.54	280.93	24.70	21.17
-1.29	95.03	285.03	0.00	0.00
-1.70	96.79	268.48	0.00	0.00
-1.98	97.73	269.30	0.00	0.00
-2.03	98.10	284.95	0.00	0.00
-1.83	97.51	288.68	0.00	0.00
-2.04	97.78	288.14	0.00	0.00
-2.00	97.10	291.72	0.00	0.00
-2.06	96.70	291.04	0.00	0.00
-2.04	96.90	289.32	0.00	0.00
-2.22	97.37	286.31	0.00	0.00
-2.15	97.77	283.75	0.00	0.00
-2.37	98.18	279.42	0.00	0.00
-2.37	98.31	281.66	0.00	0.00
-2.34	98.51	279.82	0.00	0.00
-2.34	99.09	271.35	0.00	0.00
-2.60	99.61	256.18	0.00	0.00
-2.56	99.48	281.64	0.00	0.00
-2.31	98.32	294.11	0.00	0.00
-2.20	98.08	296.68	0.00	0.00
-2.00	97.54	298.70	0.00	0.00
-1.98	97.29	300.03	0.00	0.00
-1.85	96.82	299.48	0.00	0.00
-1.79	97.77	298.76	0.00	0.00
-1.95	98.37	299.36	0.00	0.00
-1.85	98.32	300.82	0.00	0.00
-1.72	98.46	300.52	0.00	0.00
-1.65	98.53	301.83	0.00	0.00
-1.75	98.70	302.22	0.00	0.00
-1.76	98.95	302.64	0.00	7.37
-1.67	98.95	302.93	0.00	95.51
-1.60	99.14	303.80	7.76	227.28
-1.53	99.09	303.59	21.53	337.14
-1.33	99.16	304.65	39.25	419.53
-0.77	97.55	303.92	95.66	479.93
0.05	94.04	302.50	156.93	523.52
0.21	93.35	303.12	203.52	553.93
1.46	88.27	298.34	205.56	573.50
1.47	87.30	301.93	188.23	583.67
1.55	86.90	304.24	202.08	585.12
0.98	89.01	305.92	148.01	577.97
0.89	90.20	305.63	157.26	561.72
1.36	88.34	307.73	147.65	535.21
0.94	91.36	308.62	110.35	496.46
0.67	93.51	308.98	93.68	442.31
0.54	94.23	309.11	81.49	368.13
0.67	94.65	307.14	94.12	268.15
0.52	95.35	308.13	51.91	141.21
0.02	97.39	307.67	10.31	25.00
-0.07	98.25	305.81	0.00	0.00
-0.36	99.05	306.58	0.00	0.00
-0.45	98.98	306.79	0.00	0.00
-0.42	98.65	305.78	0.00	0.00
-0.56	98.75	306.29	0.00	0.00
-0.39	99.05	306.59	0.00	0.00
-0.34	98.88	308.37	0.00	0.00
-0.54	99.09	306.31	0.00	0.00
-0.50	99.04	307.13	0.00	0.00
-0.77	99.42	302.14	0.00	0.00
-0.99	99.47	304.03	0.00	0.00
-0.99	99.00	294.63	0.00	0.00
-1.16	98.22	280.91	0.00	0.00
-1.22	98.69	298.26	0.00	0.00
-1.32	98.86	274.84	0.00	0.00
-1.87	99.19	243.64	0.00	0.00
-2.31	99.87	246.99	0.00	0.00
-2.53	100.00	264.75	0.00	0.00
-2.38	99.87	298.13	0.00	0.00
-2.35	99.22	294.92	0.00	0.00
-2.39	98.63	292.32	0.00	0.00
-2.52	98.30	297.22	0.00	0.00
-2.63	97.75	300.34	0.00	0.00
-2.32	97.74	300.98	0.00	0.00
-2.33	97.74	300.87	0.00	0.00
-2.30	97.35	300.89	0.00	0.00
-2.26	96.79	300.25	0.00	0.00
-2.43	96.93	298.74	0.00	0.00
-2.59	96.31	296.74	0.00	9.09
-2.34	95.79	290.72	10.58	102.90
-2.10	94.42	290.20	53.21	234.94
-1.61	92.52	293.46	95.01	343.70
-1.23	92.90	297.47	118.85	425.08
-0.98	92.46	301.93	137.17	484.74
-0.90	92.20	294.95	217.12	527.80
1.46	82.07	255.91	440.98	557.85
0.68	86.88	283.45	359.19	577.20
0.19	90.75	303.70	263.52	587.25
-0.05	92.12	305.97	276.34	588.70
0.26	91.73	307.55	220.20	581.63
0.65	89.91	308.74	232.81	565.57
1.36	87.24	311.21	221.24	539.38
1.34	87.40	311.28	207.93	501.10
1.30	87.45	310.73	163.89	447.63
1.10	88.67	309.58	83.66	374.39
0.97	89.54	311.48	60.70	275.56
0.61	92.02	310.45	45.57	149.20
0.30	92.16	308.89	16.00	29.25
0.06	93.22	307.98	0.00	0.00
-0.21	94.24	307.02	0.00	0.00
-0.45	95.83	307.06	0.00	0.00
-0.62	96.92	306.31	0.00	0.00
-0.81	95.55	305.92	0.00	0.00
-0.82	95.20	305.78	0.00	0.00
-0.80	95.26	305.45	0.00	0.00
-0.90	95.58	305.34	0.00	0.00
-0.88	96.17	304.88	0.00	0.00
-0.89	96.63	305.07	0.00	0.00
-1.04	96.65	304.54	0.00	0.00
-1.13	95.92	304.14	0.00	0.00
-1.27	95.81	303.70	0.00	0.00
-1.39	95.78	303.43	0.00	0.00
-1.32	95.56	303.32	0.00	0.00
-1.39	95.78	302.45	0.00	0.00
-1.46	96.43	301.56	0.00	0.00
-1.51	97.50	276.91	0.00	0.00
-1.82	97.94	280.36	0.00	0.00
-1.89	98.63	274.56	0.00	0.00
-2.12	98.79	278.70	0.00	0.00
-2.08	98.60	298.93	0.00	0.00
-1.86	98.25	297.19	0.00	0.00
-1.83	97.76	300.03	0.00	0.00
-1.88	95.88	294.22	0.00	0.00
-1.93	95.35	294.05	0.00	0.00
-1.78	95.97	296.49	0.00	0.00
-1.83	96.76	296.65	0.00	0.00
-1.65	96.99	300.01	0.00	11.19
-1.47	97.09	299.37	12.69	110.55
-1.20	96.44	297.32	34.15	242.66
-0.59	94.10	290.43	90.73	350.27
0.04	91.63	298.01	125.35	430.63
0.04	91.90	303.03	137.92	489.53
0.92	88.23	304.50	191.19	532.07
1.11	86.93	305.31	223.33	561.76
2.17	83.88	305.66	246.81	580.89
3.04	79.09	300.09	318.20	590.82
3.57	77.43	300.40	359.81	592.25
2.54	82.94	299.11	347.35	585.26
2.14	84.58	301.13	244.40	569.38
2.50	84.75	309.84	176.78	543.51
2.08	87.43	313.13	156.28	505.69
2.29	87.43	312.96	155.21	452.90
1.83	91.12	312.83	116.72	380.59
1.73	90.73	312.76	111.48	282.90
1.69	91.80	307.56	91.58	157.24
1.23	94.58	307.38	39.03	33.90
0.49	97.17	311.77	3.57	0.00
0.27	98.56	311.34	0.00	0.00
0.13	99.19	311.33	0.00	0.00
0.12	99.46	312.63	0.00	0.00
0.01	99.78	312.10	0.00	0.00
0.12	99.84	307.32	0.00	0.00
0.21	99.95	304.87	0.00	0.00
0.25	99.89	303.44	0.00	0.00
0.24	99.95	308.36	0.00	0.00
0.29	100.00	296.57	0.00	0.00
0.20	99.95	298.51	0.00	0.00
0.20	100.00	289.32	0.00	0.00
0.23	100.00	296.72	0.00	0.00
0.30	100.00	290.04	0.00	0.00
-0.16	99.94	272.54	0.00	0.00
-0.23	100.00	280.62	0.00	0.00
-0.02	100.00	299.00	0.00	0.00
0.10	100.00	304.21	0.00	0.00
0.00	100.00	307.75	0.00	0.00
0.18	100.00	312.14	0.00	0.00
0.14	100.00	313.03	0.00	0.00
0.21	100.00	313.99	0.00	0.00
0.27	100.00	314.88	0.00	0.00
0.43	100.00	314.41	0.00	0.00
0.15	100.00	306.21	0.00	0.00
0.18	100.00	312.66	0.00	0.00
0.38	99.95	315.11	0.00	0.00
0.20	100.00	303.98	0.00	0.00
0.41	99.95	309.34	0.00	13.71
0.28	99.89	302.11	2.17	118.43
0.40	99.47	277.51	25.89	250.43
1.09	97.37	276.15	86.42	356.85
1.55	95.66	285.62	101.63	436.17
2.63	92.52	310.57	144.89	494.32
2.38	92.88	315.94	103.75	536.32
2.50	91.25	318.94	132.95	565.65
2.83	90.13	321.84	110.53	584.55
2.76	91.58	322.73	112.14	594.37
2.74	92.00	322.35	130.47	595.77
2.99	92.30	324.03	135.40	588.86
3.00	93.28	323.63	126.23	573.17
3.38	93.76	323.81	130.57	547.59
3.32	94.34	318.18	118.92	510.24
3.37	92.85	310.37	107.54	458.10
3.17	93.16	304.54	72.66	386.71
2.22	96.85	318.89	23.33	290.18
2.07	97.52	317.48	12.67	165.30
2.10	95.74	319.60	0.00	38.94
1.62	98.11	321.82	0.00	0.00
1.69	99.04	321.84	0.00	0.00
1.45	99.41	321.62	0.00	0.00
1.41	99.66	321.03	0.00	0.00
1.52	99.80	322.03	0.00	0.00
1.58	99.76	322.88	0.00	0.00
2.04	99.67	323.76	0.00	0.00
2.38	99.00	325.57	0.00	0.00
2.43	97.90	325.16	0.00	0.00
2.33	99.12	324.97	0.00	0.00
2.62	97.48	324.41	0.00	0.00
2.39	98.21	323.70	0.00	0.00
2.43	96.19	324.43	0.00	0.00
2.04	98.68	324.08	0.00	0.00
2.06	98.08	323.47	0.00	0.00
2.00	98.91	323.16	0.00	0.00
2.28	97.87	321.89	0.00	0.00
1.88	99.05	319.50	0.00	0.00
1.70	99.52	320.76	0.00	0.00
1.88	99.57	320.58	0.00	0.00
1.92	98.62	318.46	0.00	0.00
1.60	98.07	316.39	0.00	0.00
1.73	97.12	312.74	0.00	0.00
1.75	95.30	309.85	0.00	0.00
1.78	93.53	314.23	0.00	0.00
1.61	91.23	306.32	0.00	0.00
1.70	90.21	314.40	0.00	0.00
1.31	95.35	316.01	0.00	0.00
0.85	97.90	315.54	0.00	16.70
0.66	97.87	315.69	20.40	126.53
0.82	97.07	315.17	47.46	258.23
0.92	96.84	314.22	63.48	363.43
1.16	95.04	312.45	86.17	441.71
1.33	92.20	310.88	121.16	499.09
1.50	86.61	310.50	151.75	540.56
1.37	88.25	312.08	169.14	569.53
2.23	85.62	306.03	240.57	588.19
2.39	83.25	301.53	264.46	597.89
2.79	81.56	296.47	297.41	599.27
2.85	80.82	304.48	305.56	592.43
2.87	81.88	311.59	246.64	576.91
3.07	83.64	309.23	219.60	551.63
3.22	82.67	310.66	235.63	514.73
2.60	88.03	316.68	176.67	463.24
2.16	91.72	312.88	160.60	392.76
2.25	92.09	302.66	95.85	297.39
1.48	95.05	300.17	36.97	173.36
1.12	96.49	313.01	11.27	44.35
0.70	97.77	315.46	0.00	0.00
0.50	98.90	305.68	0.00	0.00
0.30	99.36	312.80	0.00	0.00
0.22	99.57	306.81	0.00	0.00
0.26	99.63	311.65	0.00	0.00
0.20	99.62	298.02	0.00	0.00
0.25	99.89	292.68	0.00	0.00
0.18	99.73	304.74	0.00	0.00
0.18	99.78	308.26	0.00	0.00
0.26	99.68	306.60	0.00	0.00
0.20	99.84	310.35	0.00	0.00
0.26	99.68	308.21	0.00	0.00
0.29	99.79	312.31	0.00	0.00
0.36	100.00	314.07	0.00	0.00
0.32	99.84	313.11	0.00	0.00
0.30	99.68	313.36	0.00	0.00
0.19	99.78	313.80	0.00	0.00
0.17	99.84	312.59	0.00	0.00
0.23	99.89	312.93	0.00	0.00
0.13	99.78	312.86	0.00	0.00
0.22	99.84	312.29	0.00	0.00
0.19	99.79	311.51	0.00	0.00
0.06	99.57	309.11	0.00	0.00
0.10	99.51	310.53	0.00	0.00
0.12	99.68	310.58	0.00	0.00
0.06	99.46	310.86	0.00	0.00
-0.02	99.62	312.95	0.00	0.00
0.07	99.67	314.13	0.00	0.00
0.02	99.78	313.37	0.00	20.18
0.15	99.52	313.70	7.67	134.82
0.25	99.04	312.88	39.72	266.07
0.31	98.03	312.91	63.03	370.00
0.63	97.36	312.98	80.89	447.23
0.75	96.34	311.15	133.55	503.85
1.26	94.04	309.23	220.44	544.78
1.36	93.64	311.09	245.64	573.38
1.86	92.39	313.82	225.52	591.82
2.63	87.87	314.54	267.94	601.39
2.73	89.52	314.19	334.03	602.75
4.68	80.79	306.38	370.31	595.97
4.06	84.92	310.38	317.42	580.62
3.80	88.57	314.28	299.44	555.63
3.71	91.44	323.47	204.82	519.17
3.06	94.92	319.56	165.59	468.32
3.17	95.66	319.91	149.78	398.73
2.95	97.44	320.66	96.02	304.52
2.93	97.40	322.37	55.95	181.43
2.88	96.72	319.86	36.25	50.11
2.62	97.20	317.77	6.61	0.00
2.13	98.13	301.70	0.00	0.00
1.73	98.80	304.47	0.00	0.00
1.54	99.12	315.00	0.00	0.00
1.67	99.42	317.32	0.00	0.00
1.71	99.52	318.16	0.00	0.00
1.59	99.51	316.71	0.00	0.00
1.53	99.56	318.81	0.00	0.00
1.50	99.61	316.40	0.00	0.00
1.41	99.70	315.04	0.00	0.00
1.35	99.75	311.44	0.00	0.00
1.16	99.75	300.87	0.00	0.00
0.79	99.74	257.13	0.00	0.00
0.60	99.95	246.05	0.00	0.00
0.08	100.00	243.21	0.00	0.00
-0.17	100.00	242.64	0.00	0.00
-0.20	100.00	242.58	0.00	0.00
-0.22	100.00	242.76	0.00	0.00
-0.44	100.00	242.09	0.00	0.00
-0.47	100.00	241.76	0.00	0.00
-0.45	100.00	260.43	0.00	0.00
-0.42	100.00	295.40	0.00	0.00
-0.35	100.00	303.89	0.00	0.00
-0.14	100.00	312.96	0.00	0.00
0.01	100.00	314.22	0.00	0.00
0.17	100.00	311.99	0.00	0.00
0.27	100.00	310.52	0.00	0.00
-0.08	100.00	293.64	0.00	0.00
-0.16	100.00	306.80	0.00	24.18
0.07	100.00	311.55	10.56	143.29
0.45	99.74	309.55	53.42	273.92
1.14	97.45	306.83	95.80	376.56
1.81	94.61	302.05	150.58	452.73
2.86	91.00	294.04	202.84	508.58
3.69	86.98	286.16	253.39	548.97
4.30	82.56	302.14	366.59	577.21
6.33	72.24	295.89	533.47	595.41
7.70	67.08	302.88	578.74	604.86
7.62	67.68	304.36	587.81	606.19
8.78	62.48	269.04	579.31	599.48
9.17	60.39	258.20	519.91	584.29
9.17	60.16	259.37	486.39	559.59
9.24	59.47	260.33	439.88	523.55
9.03	59.94	260.16	381.63	473.34
8.82	60.55	260.13	313.71	404.63
8.44	62.40	259.72	238.12	311.57
6.66	72.00	256.10	95.25	189.47
4.39	84.60	252.12	18.44	56.18
3.33	90.51	249.63	2.69	0.00
2.38	94.37	247.59	0.00	0.00
1.68	96.24	245.93	0.00	0.00
1.24	97.26	244.72	0.00	0.00
0.75	98.04	242.60	0.00	0.00
0.64	98.75	242.08	0.00	0.00
0.32	99.20	241.44	0.00	0.00
0.58	99.79	242.62	0.00	0.00
0.28	99.84	242.05	0.00	0.00
0.02	99.89	241.21	0.00	0.00
-0.20	100.00	241.22	0.00	0.00
-0.28	100.00	240.48	0.00	0.00
-0.49	100.00	239.68	0.00	0.00
-0.77	100.00	238.57	0.00	0.00
-0.96	100.00	237.79	0.00	0.00
-1.04	100.00	237.71	0.00	0.00
-1.32	100.00	237.95	0.00	0.00
-1.48	100.00	237.63	0.00	0.00
-1.37	100.00	238.18	0.00	0.00
-1.28	100.00	272.75	0.00	0.00
-0.86	100.00	303.82	0.00	0.00
-0.61	100.00	300.70	0.00	0.00
-0.49	100.00	288.49	0.00	0.00
-0.39	100.00	303.96	0.00	0.00
-0.26	100.00	311.44	0.00	0.00
0.02	100.00	317.87	0.00	0.00
0.21	100.00	319.53	0.00	0.00
0.93	100.00	321.03	0.00	0.00
1.23	99.95	321.09	0.00	28.71
1.13	100.00	321.70	5.81	151.90
1.56	99.76	322.79	23.81	281.78
2.10	99.26	324.16	47.24	383.10
2.50	98.45	322.07	61.17	458.21
2.93	96.77	324.56	102.29	513.29
3.10	91.57	323.31	128.18	553.14
3.50	92.22	321.72	193.19	581.01
3.94	86.02	321.13	194.04	598.98
3.28	92.25	322.08	111.54	608.30
2.82	91.72	321.11	128.62	609.59
2.90	91.31	320.51	153.72	602.95
2.62	91.17	319.26	138.10	587.92
2.97	85.23	314.40	211.35	563.49
2.61	85.82	306.75	137.86	527.89
1.90	88.73	306.68	101.04	478.28
1.68	89.02	308.48	50.08	410.45
1.81	83.84	309.37	38.69	318.53
1.22	87.92	308.25	19.40	197.49
0.83	90.11	312.92	2.59	62.55
0.18	97.16	314.23	0.00	0.00
0.04	99.13	312.87	0.00	0.00
-0.18	99.61	309.01	0.00	0.00
-0.36	99.83	309.00	0.00	0.00
-0.87	100.00	314.23	0.00	0.00
-0.91	100.00	314.59	0.00	0.00
-1.04	100.00	315.04	0.00	0.00
-0.90	99.88	315.27	0.00	0.00
-0.70	99.83	315.23	0.00	0.00
-0.90	99.83	315.50	0.00	0.00
-1.10	99.76	315.31	0.00	0.00
-1.18	99.88	315.19	0.00	0.00
-1.20	99.70	315.04	0.00	0.00
